[Move no. 1]

|1510      |1530      |1570      |1600      |1660      |1670      |1580      |1550      |1570      |1680      |
|4         |4         |3         |0         |7         |1         |0         |1         |4         |4         |
|22        |19        |16        |14        |0         |4         |18        |21        |16        |0         |
____
|1700      |1630      |1650      |1660      |1580      |1560      |1620      |1620      |1630      |1630      |
|0         |6         |6         |1         |4         |7         |0         |6         |1         |4         |
|0         |4         |3         |5         |17        |10        |13        |5         |9         |6         |
____
|1520      |1640      |1700      |1700      |1660      |1520      |1560      |1670      |1500      |1550      |
|8         |1         |3         |1         |6         |4         |7         |3         |6         |0         |
|20        |7         |1         |0         |1         |21        |15        |1         |25        |18        |
____
|1510      |1550      |1600      |1640      |1660      |1650      |1520      |1570      |1650      |1640      |
|0         |2         |1         |6         |3         |3         |6         |7         |7         |7         |
|27        |19        |13        |4         |5         |4         |21        |13        |3         |1         |
____
|1640      |1590      |1620      |1660      |1540      |1550      |1610      |1680      |1550      |1630      |
|3         |0         |1         |6         |6         |6         |1         |7         |7         |6         |
|6         |18        |10        |0         |18        |12        |12        |2         |13        |4         |
____
|1530      |1550      |1620      |1690      |1680      |1580      |1530      |1630      |1580      |1600      |
|3         |0         |3         |3         |4         |7         |1         |1         |4         |0         |
|19        |22        |9         |0         |2         |10        |26        |9         |13        |15        |
____
|1650      |1510      |1670      |1530      |1570      |1700      |1500      |1530      |1700      |1510      |
|4         |4         |6         |7         |4         |6         |3         |0         |0         |7         |
|3         |22        |0         |14        |16        |0         |25        |27        |2         |21        |
____
|1560      |1630      |1560      |1610      |1700      |1690      |1660      |1530      |1540      |1560      |
|0         |3         |5         |6         |3         |2         |4         |7         |4         |0         |
|22        |6         |20        |6         |1         |0         |4         |19        |18        |19        |
____
|1560      |1590      |1580      |1590      |1630      |1500      |1590      |1540      |1530      |1620      |
|9         |7         |4         |0         |6         |3         |4         |6         |1         |7         |
|13        |9         |13        |13        |5         |24        |11        |17        |24        |6         |
____
|1520      |1570      |1520      |1640      |1660      |1530      |1630      |1580      |1540      |1610      |
|3         |3         |3         |6         |7         |0         |1         |3         |6         |4         |
|24        |15        |25        |3         |0         |25        |10        |18        |16        |9         |
____
[Move no. 2]

|1490      |1530      |1610      |1660      |1860      |1840      |1600      |1530      |1620      |1880      |
|6         |6         |4         |1         |10        |2         |0         |2         |6         |6         |
|27        |18        |19        |19        |0         |4         |25        |31        |17        |0         |
____
|1900      |1790      |1830      |1820      |1620      |1650      |1690      |1760      |1750      |1770      |
|0         |7         |6         |1         |5         |10        |0         |7         |0         |6         |
|3         |0         |0         |6         |21        |4         |21        |3         |12        |3         |
____
|1530      |1770      |1900      |1900      |1850      |1490      |1610      |1860      |1460      |1560      |
|13        |1         |4         |1         |9         |3         |12        |4         |9         |0         |
|16        |10        |0         |1         |0         |22        |11        |0         |26        |24        |
____
|1450      |1540      |1680      |1810      |1830      |1810      |1500      |1660      |1830      |1830      |
|0         |3         |1         |10        |4         |4         |11        |9         |10        |10        |
|41        |22        |16        |0         |3         |3         |18        |7         |0         |0         |
____
|1780      |1630      |1710      |1860      |1570      |1610      |1690      |1880      |1620      |1800      |
|4         |0         |1         |10        |6         |7         |1         |9         |10        |9         |
|4         |22        |17        |0         |18        |9         |15        |0         |9         |0         |
____
|1540      |1550      |1730      |1890      |1880      |1680      |1470      |1740      |1640      |1650      |
|5         |0         |3         |6         |7         |10        |1         |1         |4         |0         |
|22        |28        |10        |1         |0         |5         |37        |12        |17        |22        |
____
|1820      |1470      |1870      |1570      |1620      |1900      |1440      |1490      |1900      |1500      |
|6         |4         |9         |9         |6         |10        |4         |1         |1         |10        |
|0         |25        |1         |11        |16        |0         |27        |34        |5         |19        |
____
|1540      |1770      |1580      |1750      |1900      |1890      |1830      |1550      |1550      |1570      |
|0         |4         |7         |9         |4         |3         |4         |10        |7         |0         |
|31        |4         |24        |0         |1         |3         |1         |19        |21        |26        |
____
|1640      |1680      |1650      |1650      |1790      |1450      |1670      |1560      |1510      |1770      |
|12        |10        |6         |0         |9         |4         |6         |7         |0         |10        |
|7         |9         |13        |19        |0         |30        |9         |16        |35        |1         |
____
|1520      |1630      |1490      |1810      |1860      |1460      |1740      |1630      |1600      |1720      |
|4         |4         |4         |9         |10        |0         |1         |3         |9         |6         |
|25        |15        |31        |0         |0         |37        |15        |21        |13        |7         |
____
[Move no. 3]

|1420      |1530      |1620      |1660      |2060      |2010      |1540      |1430      |1660      |2080      |
|9         |9         |4         |1         |12        |1         |0         |1         |9         |6         |
|27        |16        |19        |29        |0         |5         |36        |43        |15        |0         |
____
|2090      |1990      |2030      |1970      |1640      |1800      |1680      |1930      |1840      |1940      |
|0         |11        |9         |1         |7         |15        |1         |10        |1         |9         |
|4         |0         |0         |10        |23        |0         |32        |2         |16        |2         |
____
|1560      |1870      |2100      |2100      |2040      |1480      |1700      |2060      |1450      |1520      |
|19        |1         |3         |1         |13        |3         |17        |6         |14        |2         |
|7         |16        |0         |1         |0         |22        |0         |1         |18        |33        |
____
|1240      |1500      |1720      |2010      |2000      |2000      |1530      |1780      |2030      |2030      |
|0         |4         |1         |15        |6         |4         |13        |14        |12        |14        |
|58        |27        |21        |3         |0         |0         |10        |0         |0         |0         |
____
|1940      |1620      |1770      |2060      |1600      |1720      |1730      |2080      |1720      |2000      |
|6         |1         |0         |15        |9         |10        |1         |13        |10        |13        |
|7         |32        |22        |0         |13        |2         |22        |1         |4         |0         |
____
|1530      |1470      |1840      |2090      |2080      |1840      |1330      |1820      |1700      |1640      |
|7         |0         |3         |7         |7         |13        |0         |2         |4         |1         |
|22        |34        |13        |2         |1         |0         |46        |18        |17        |30        |
____
|2020      |1370      |2070      |1680      |1660      |2100      |1320      |1320      |2090      |1510      |
|9         |4         |12        |13        |10        |10        |4         |4         |0         |13        |
|0         |31        |0         |4         |15        |0         |31        |47        |10        |13        |
____
|1440      |1940      |1580      |1930      |2100      |2080      |2030      |1560      |1550      |1480      |
|2         |7         |10        |13        |4         |4         |4         |13        |10        |0         |
|45        |0         |24        |0         |3         |4         |0         |16        |22        |38        |
____
|1770      |1820      |1730      |1660      |1990      |1350      |1760      |1600      |1400      |1970      |
|18        |12        |7         |0         |13        |7         |7         |10        |1         |15        |
|1         |5         |9         |27        |1         |30        |3         |10        |44        |0         |
____
|1470      |1680      |1390      |2010      |2060      |1290      |1820      |1650      |1660      |1850      |
|6         |6         |6         |13        |12        |0         |1         |4         |13        |7         |
|27        |15        |39        |0         |0         |54        |22        |27        |6         |1         |
____
[Move no. 4]

|1350      |1550      |1610      |1580      |2260      |2180      |1390      |1200      |1700      |2280      |
|13        |13        |6         |1         |10        |1         |1         |1         |13        |6         |
|27        |10        |21        |37        |0         |8         |49        |58        |9         |0         |
____
|2270      |2190      |2230      |2100      |1610      |1990      |1590      |2120      |1890      |2140      |
|0         |13        |9         |1         |9         |18        |2         |16        |1         |13        |
|8         |0         |0         |12        |28        |0         |43        |0         |22        |1         |
____
|1660      |1950      |2300      |2300      |2230      |1430      |1900      |2260      |1440      |1400      |
|24        |0         |6         |0         |13        |5         |22        |7         |19        |3         |
|0         |28        |4         |1         |0         |22        |0         |0         |7         |42        |
____
|900       |1430      |1710      |2210      |2190      |2200      |1600      |1950      |2230      |2230      |
|0         |4         |1         |18        |7         |4         |19        |19        |14        |12        |
|36        |28        |25        |2         |0         |0         |0         |0         |0         |1         |
____
|2120      |1490      |1800      |2260      |1660      |1900      |1720      |2280      |1890      |2200      |
|7         |1         |0         |15        |10        |13        |0         |15        |15        |16        |
|4         |46        |28        |0         |6         |2         |28        |2         |0         |1         |
____
|1480      |1290      |1940      |2290      |2280      |2030      |1090      |1850      |1780      |1510      |
|11        |0         |4         |10        |9         |22        |2         |4         |7         |3         |
|22        |40        |15        |1         |0         |0         |59        |24        |20        |39        |
____
|2220      |1260      |2270      |1880      |1720      |2300      |1200      |1060      |2250      |1580      |
|12        |4         |15        |18        |12        |12        |6         |6         |0         |18        |
|0         |38        |0         |1         |9         |0         |36        |52        |21        |3         |
____
|1220      |2140      |1560      |2120      |2300      |2260      |2230      |1600      |1540      |1300      |
|3         |11        |15        |18        |7         |6         |6         |16        |15        |0         |
|58        |0         |19        |0         |1         |1         |1         |10        |21        |52        |
____
|1970      |1990      |1840      |1610      |2190      |1210      |1900      |1690      |1200      |2170      |
|24        |16        |10        |1         |16        |9         |12        |12        |1         |18        |
|0         |6         |1         |39        |4         |31        |1         |1         |56        |0         |
____
|1430      |1720      |1230      |2210      |2260      |990       |1840      |1610      |1790      |2040      |
|9         |10        |9         |15        |12        |0         |1         |6         |18        |9         |
|24        |13        |43        |0         |0         |72        |31        |34        |0         |0         |
____
[Move no. 5]

|1290      |1620      |1570      |1410      |2460      |2340      |1110      |790       |1810      |2480      |
|18        |19        |9         |1         |10        |1         |0         |0         |19        |6         |
|19        |0         |19        |47        |0         |13        |66        |14        |0         |2         |
____
|2430      |2390      |2430      |2210      |1540      |2180      |1380      |2320      |1900      |2340      |
|0         |16        |12        |2         |13        |24        |3         |20        |2         |13        |
|12        |0         |2         |16        |31        |0         |50        |0         |27        |0         |
____
|1820      |1950      |2500      |2500      |2420      |1430      |2100      |2460      |1560      |1200      |
|34        |0         |9         |0         |19        |10        |30        |10        |25        |4         |
|0         |37        |0         |1         |0         |25        |0         |0         |0         |55        |
____
|680       |1340      |1630      |2410      |2380      |2400      |1780      |2140      |2430      |2430      |
|0         |4         |2         |21        |10        |6         |26        |25        |15        |15        |
|50        |28        |28        |0         |0         |0         |0         |0         |0         |0         |
____
|2310      |1250      |1770      |2460      |1770      |2080      |1660      |2480      |2080      |2400      |
|10        |1         |0         |20        |15        |18        |2         |16        |15        |15        |
|1         |64        |41        |1         |0         |1         |40        |3         |1         |3         |
____
|1410      |1070      |2050      |2490      |2480      |2230      |690       |1830      |1850      |1280      |
|16        |0         |8         |13        |6         |27        |0         |7         |12        |4         |
|22        |52        |12        |1         |0         |3         |32        |29        |22        |52        |
____
|2420      |1120      |2470      |2080      |1840      |2500      |1020      |690       |2350      |1770      |
|14        |4         |14        |25        |18        |10        |9         |1         |0         |24        |
|0         |50        |0         |2         |0         |0         |40        |21        |33        |2         |
____
|860       |2340      |1580      |2320      |2500      |2450      |2430      |1750      |1570      |960       |
|0         |13        |19        |18        |10        |10        |11        |22        |20        |0         |
|7         |0         |10        |0         |4         |0         |1         |2         |9         |75        |
____
|2170      |2170      |2030      |1490      |2390      |1030      |2080      |1870      |830       |2370      |
|30        |25        |15        |2         |16        |10        |16        |18        |1         |16        |
|0         |5         |0         |55        |5         |30        |12        |0         |48        |0         |
____
|1350      |1790      |980       |2410      |2460      |580       |1780      |1480      |1990      |2240      |
|13        |12        |10        |12        |10        |0         |1         |10        |27        |13        |
|21        |6         |46        |0         |0         |22        |39        |40        |0         |0         |
____
[Move no. 6]

|1300      |1800      |1530      |1110      |2660      |2470      |640       |820       |2010      |2680      |
|24        |25        |13        |0         |10        |2         |1         |0         |28        |9         |
|1         |0         |12        |64        |2         |23        |13        |19        |0         |0         |
____
|2550      |2590      |2630      |2310      |1430      |2370      |1040      |2520      |1820      |2540      |
|0         |18        |10        |0         |16        |23        |4         |23        |3         |13        |
|17        |0         |0         |21        |35        |0         |63        |0         |32        |0         |
____
|2010      |1820      |2700      |2700      |2620      |1420      |2300      |2660      |1760      |860       |
|39        |0         |13        |0         |21        |14        |23        |14        |35        |0         |
|2         |49        |0         |1         |0         |19        |0         |0         |0         |3         |
____
|300       |1250      |1530      |2610      |2580      |2600      |1980      |2330      |2630      |2630      |
|0         |7         |2         |18        |12        |7         |38        |22        |19        |15        |
|73        |26        |50        |2         |0         |1         |0         |2         |0         |0         |
____
|2510      |850       |1650      |2660      |1970      |2280      |1500      |2680      |2280      |2600      |
|15        |0         |0         |20        |24        |19        |5         |18        |16        |19        |
|1         |19        |52        |0         |2         |1         |53        |0         |7         |0         |
____
|1330      |760       |2190      |2690      |2680      |2430      |570       |1760      |1930      |920       |
|24        |0         |8         |15        |8         |26        |1         |11        |17        |1         |
|12        |58        |9         |0         |1         |1         |40        |38        |7         |44        |
____
|2620      |930       |2670      |2280      |2030      |2700      |810       |550       |2360      |1960      |
|18        |3         |20        |29        |25        |12        |12        |1         |1         |31        |
|0         |40        |0         |0         |0         |0         |39        |30        |51        |0         |
____
|890       |2540      |1670      |2520      |2700      |2650      |2630      |1910      |1660      |490       |
|2         |11        |22        |22        |13        |13        |15        |32        |27        |1         |
|12        |0         |5         |0         |4         |1         |0         |2         |0         |13        |
____
|2370      |2360      |2230      |1220      |2590      |880       |2280      |2050      |480       |2570      |
|35        |26        |19        |2         |13        |15        |22        |25        |0         |18        |
|0         |7         |0         |59        |2         |26        |2         |1         |58        |0         |
____
|1350      |1940      |710       |2610      |2660      |410       |1660      |1290      |2190      |2440      |
|18        |13        |3         |12        |12        |1         |1         |9         |30        |15        |
|10        |0         |21        |0         |0         |30        |51        |43        |0         |0         |
____
[Move no. 7]

|1490      |1980      |1560      |600       |2860      |2550      |700       |780       |2210      |2880      |
|34        |31        |19        |1         |12        |5         |2         |0         |37        |7         |
|0         |1         |0         |13        |1         |35        |19        |30        |0         |2         |
____
|2630      |2790      |2830      |2350      |1270      |2570      |630       |2720      |1780      |2740      |
|0         |21        |13        |1         |9         |24        |1         |21        |4         |13        |
|27        |0         |1         |30        |25        |0         |20        |0         |34        |0         |
____
|2210      |1580      |2900      |2900      |2820      |1450      |2500      |2860      |1960      |1000      |
|39        |0         |13        |0         |16        |17        |30        |19        |35        |1         |
|3         |61        |1         |7         |0         |13        |0         |0         |0         |6         |
____
|0         |1200      |1340      |2810      |2780      |2800      |2180      |2500      |2830      |2830      |
|0         |10        |1         |21        |12        |9         |38        |23        |21        |16        |
|7         |21        |61        |2         |0         |2         |0         |0         |0         |0         |
____
|2710      |790       |1370      |2860      |2170      |2480      |1170      |2880      |2480      |2800      |
|15        |1         |1         |20        |27        |15        |2         |15        |16        |17        |
|3         |25        |66        |0         |1         |0         |35        |4         |5         |0         |
____
|1360      |360       |2340      |2890      |2880      |2630      |380       |1620      |2090      |620       |
|33        |0         |8         |17        |10        |26        |3         |12        |20        |1         |
|1         |40        |6         |0         |0         |1         |51        |49        |0         |59        |
____
|2820      |800       |2870      |2480      |2230      |2900      |580       |470       |2240      |2160      |
|19        |5         |21        |25        |25        |13        |14        |1         |3         |29        |
|0         |34        |0         |0         |0         |0         |36        |40        |59        |0         |
____
|930       |2740      |1850      |2720      |2900      |2850      |2830      |2070      |1860      |470       |
|2         |12        |29        |20        |19        |16        |19        |39        |31        |0         |
|16        |0         |2         |0         |7         |0         |1         |2         |0         |22        |
____
|2570      |2560      |2430      |870       |2790      |800       |2480      |2240      |110       |2770      |
|33        |34        |19        |1         |13        |21        |22        |23        |1         |20        |
|0         |0         |0         |13        |0         |16        |3         |0         |59        |0         |
____
|1420      |2140      |600       |2810      |2860      |300       |1390      |1100      |2390      |2640      |
|24        |18        |3         |13        |10        |1         |0         |4         |31        |16        |
|0         |0         |25        |0         |0         |40        |67        |16        |0         |0         |
____
[Move no. 8]

|1690      |2160      |1690      |610       |3060      |2540      |710       |720       |2410      |3080      |
|49        |28        |29        |2         |10        |6         |1         |0         |31        |10        |
|0         |0         |0         |19        |1         |32        |27        |35        |0         |3         |
____
|2620      |2990      |3030      |2300      |1210      |2770      |510       |2920      |1670      |2940      |
|1         |24        |10        |1         |10        |22        |1         |21        |7         |12        |
|44        |0         |1         |39        |14        |0         |28        |0         |43        |0         |
____
|2410      |1140      |3100      |3090      |3020      |1510      |2700      |3060      |2160      |1120      |
|36        |0         |15        |1         |18        |20        |25        |24        |36        |2         |
|0         |23        |1         |13        |0         |0         |0         |0         |0         |7         |
____
|140       |1140      |990       |3010      |2980      |3000      |2380      |2690      |3030      |3030      |
|0         |16        |1         |19        |12        |7         |38        |30        |21        |18        |
|10        |14        |13        |2         |0         |2         |0         |2         |0         |0         |
____
|2910      |700       |980       |3060      |2370      |2680      |990       |3080      |2680      |3000      |
|15        |3         |0         |19        |25        |14        |5         |13        |16        |20        |
|0         |34        |16        |0         |0         |3         |47        |2         |3         |0         |
____
|1540      |80        |2530      |3090      |3080      |2830      |70        |1480      |2290      |140       |
|43        |0         |13        |16        |10        |25        |2         |6         |28        |0         |
|1         |49        |2         |0         |0         |2         |57        |15        |3         |10        |
____
|3020      |650       |3070      |2680      |2430      |3100      |410       |310       |1960      |2360      |
|21        |9         |20        |33        |25        |10        |15        |4         |3         |25        |
|0         |36        |0         |0         |0         |0         |27        |52        |10        |0         |
____
|980       |2940      |2030      |2920      |3100      |3050      |3030      |2200      |2060      |470       |
|1         |11        |33        |16        |22        |13        |22        |37        |37        |0         |
|24        |0         |0         |0         |0         |0         |1         |3         |0         |32        |
____
|2770      |2760      |2630      |860       |2990      |830       |2680      |2440      |0         |2970      |
|30        |37        |19        |0         |14        |29        |22        |28        |1         |23        |
|0         |2         |0         |20        |0         |3         |2         |1         |21        |0         |
____
|1620      |2340      |570       |3010      |3060      |90        |940       |1100      |2590      |2840      |
|34        |21        |4         |12        |13        |1         |0         |7         |28        |16        |
|0         |0         |30        |0         |0         |57        |6         |13        |0         |0         |
____
[Move no. 9]

|1890      |2330      |1820      |620       |3260      |2450      |640       |580       |2610      |3280      |
|43        |30        |37        |4         |11        |7         |3         |0         |31        |13        |
|0         |0         |1         |25        |0         |41        |34        |51        |0         |2         |
____
|2470      |3190      |3230      |2160      |1240      |2970      |400       |3120      |1470      |3140      |
|0         |22        |9         |2         |13        |27        |6         |22        |6         |16        |
|58        |0         |0         |52        |0         |0         |37        |0         |48        |0         |
____
|2610      |1090      |3300      |3250      |3220      |1700      |2900      |3260      |2360      |1250      |
|39        |0         |20        |3         |20        |25        |25        |24        |32        |3         |
|1         |33        |0         |13        |0         |0         |1         |0         |0         |10        |
____
|200       |1210      |990       |3210      |3180      |3200      |2580      |2890      |3230      |3230      |
|0         |21        |1         |20        |16        |10        |43        |26        |19        |18        |
|18        |0         |21        |0         |0         |2         |0         |4         |0         |0         |
____
|3110      |560       |950       |3260      |2570      |2880      |790       |3280      |2880      |3200      |
|16        |7         |0         |21        |22        |15        |6         |16        |17        |16        |
|1         |45        |24        |0         |0         |1         |36        |4         |1         |0         |
____
|1740      |0         |2720      |3290      |3280      |3030      |0         |1520      |2490      |250       |
|52        |2         |18        |18        |9         |25        |0         |7         |30        |0         |
|2         |39        |3         |0         |0         |1         |27        |3         |5         |10        |
____
|3220      |500       |3270      |2880      |2630      |3300      |330       |10        |1990      |2560      |
|22        |9         |18        |33        |30        |9         |20        |7         |1         |28        |
|0         |31        |0         |0         |0         |0         |18        |43        |13        |0         |
____
|960       |3140      |2230      |3120      |3300      |3250      |3230      |2370      |2260      |410       |
|2         |13        |32        |13        |18        |16        |22        |44        |41        |0         |
|34        |0         |1         |0         |1         |0         |1         |1         |0         |46        |
____
|2970      |2960      |2830      |870       |3190      |1030      |2880      |2640      |10        |3170      |
|34        |33        |15        |4         |13        |37        |19        |27        |3         |21        |
|0         |0         |0         |28        |1         |0         |2         |0         |28        |0         |
____
|1820      |2540      |470       |3210      |3260      |0         |1030      |1160      |2790      |3040      |
|40        |21        |6         |12        |10        |0         |3         |10        |31        |16        |
|0         |0         |34        |0         |0         |3         |9         |10        |0         |0         |
____
[Move no. 10]

|2090      |2510      |1990      |570       |3460      |2260      |500       |320       |2810      |3480      |
|44        |28        |31        |5         |15        |10        |3         |1         |30        |15        |
|0         |4         |3         |34        |5         |45        |46        |66        |0         |1         |
____
|2170      |3390      |3430      |1940      |1380      |3170      |250       |3320      |1150      |3340      |
|0         |24        |11        |3         |16        |30        |7         |20        |4         |13        |
|21        |0         |1         |60        |0         |0         |51        |0         |34        |0         |
____
|2810      |970       |3500      |3370      |3420      |1900      |3100      |3460      |2560      |1350      |
|39        |0         |22        |1         |25        |26        |22        |23        |38        |3         |
|0         |39        |0         |18        |0         |0         |0         |0         |0         |15        |
____
|240       |1390      |960       |3410      |3380      |3400      |2780      |3090      |3430      |3430      |
|1         |33        |1         |21        |16        |11        |37        |28        |22        |16        |
|31        |1         |32        |0         |0         |0         |0         |0         |0         |0         |
____
|3310      |360       |910       |3460      |2770      |3080      |590       |3480      |3080      |3400      |
|18        |8         |1         |23        |24        |16        |6         |19        |19        |15        |
|2         |57        |31        |0         |0         |0         |40        |0         |0         |0         |
____
|1940      |0         |2910      |3490      |3480      |3230      |0         |1630      |2690      |360       |
|39        |4         |18        |17        |8         |30        |0         |10        |28        |0         |
|1         |34        |0         |0         |0         |0         |22        |0         |1         |16        |
____
|3420      |340       |3470      |3080      |2830      |3500      |360       |0         |2060      |2760      |
|22        |19        |16        |31        |33        |10        |23        |9         |4         |26        |
|0         |27        |0         |0         |0         |0         |0         |26        |17        |0         |
____
|820       |3340      |2430      |3320      |3500      |3450      |3430      |2550      |2460      |210       |
|6         |14        |31        |16        |24        |16        |29        |38        |38        |1         |
|49        |0         |0         |0         |0         |0         |0         |1         |0         |66        |
____
|3170      |3160      |3030      |800       |3390      |1230      |3080      |2840      |0         |3370      |
|28        |34        |16        |4         |12        |40        |25        |28        |3         |23        |
|0         |1         |0         |36        |0         |0         |0         |0         |25        |0         |
____
|2020      |2740      |310       |3410      |3460      |170       |1130      |1240      |2990      |3240      |
|37        |21        |10        |13        |13        |0         |1         |12        |30        |15        |
|0         |0         |39        |0         |0         |4         |12        |0         |0         |0         |
____
[Move no. 11]

|2290      |2710      |2190      |430       |3660      |2000      |230       |0         |3010      |3680      |
|38        |28        |38        |6         |17        |6         |3         |0         |31        |16        |
|0         |0         |4         |45        |2         |32        |63        |17        |0         |2         |
____
|2120      |3590      |3630      |1500      |1550      |3370      |0         |3520      |980       |3540      |
|0         |23        |12        |4         |21        |27        |9         |26        |5         |12        |
|31        |0         |2         |39        |0         |1         |16        |0         |31        |0         |
____
|3010      |740       |3700      |3430      |3620      |2100      |3300      |3660      |2760      |1450      |
|38        |0         |28        |1         |28        |24        |21        |25        |43        |8         |
|0         |52        |0         |25        |0         |0         |0         |0         |0         |18        |
____
|220       |1590      |850       |3610      |3580      |3600      |2980      |3290      |3630      |3630      |
|0         |41        |2         |16        |17        |12        |37        |28        |20        |17        |
|50        |0         |44        |1         |0         |1         |0         |3         |0         |0         |
____
|3510      |0         |810       |3660      |2970      |3280      |420       |3680      |3280      |3600      |
|19        |2         |0         |23        |20        |15        |10        |19        |21        |18        |
|0         |28        |47        |0         |0         |0         |43        |0         |0         |0         |
____
|2140      |0         |3110      |3690      |3680      |3430      |0         |1830      |2890      |410       |
|49        |2         |23        |19        |9         |27        |0         |15        |22        |0         |
|3         |29        |1         |0         |0         |0         |21        |0         |0         |21        |
____
|3620      |290       |3670      |3280      |3030      |3700      |560       |0         |2080      |2960      |
|19        |21        |19        |28        |28        |9         |30        |8         |0         |29        |
|0         |21        |0         |0         |0         |0         |0         |17        |33        |0         |
____
|560       |3540      |2630      |3520      |3700      |3650      |3630      |2750      |2660      |0         |
|1         |11        |28        |15        |23        |17        |25        |41        |32        |0         |
|4         |0         |1         |0         |1         |0         |0         |1         |0         |10        |
____
|3370      |3360      |3230      |680       |3590      |1430      |3280      |3040      |0         |3570      |
|27        |32        |19        |7         |13        |43        |25        |33        |2         |28        |
|0         |1         |0         |41        |0         |1         |0         |0         |18        |0         |
____
|2220      |2940      |110       |3610      |3660      |330       |1220      |1400      |3190      |3440      |
|39        |24        |12        |12        |18        |0         |4         |13        |27        |15        |
|0         |0         |42        |0         |0         |6         |13        |0         |0         |0         |
____
[Move no. 12]

|2490      |2910      |2390      |180       |3860      |1900      |0         |80        |3210      |3880      |
|36        |30        |40        |6         |15        |5         |1         |0         |30        |18        |
|0         |2         |0         |54        |2         |40        |6         |16        |0         |1         |
____
|2010      |3790      |3830      |1260      |1750      |3570      |50        |3720      |880       |3740      |
|0         |22        |13        |6         |22        |25        |7         |28        |4         |12        |
|47        |0         |1         |46        |1         |0         |19        |0         |30        |0         |
____
|3210      |420       |3900      |3420      |3820      |2300      |3500      |3860      |2960      |1500      |
|42        |0         |26        |3         |25        |27        |20        |30        |38        |15        |
|0         |64        |0         |32        |0         |0         |0         |0         |0         |19        |
____
|70        |1790      |650       |3810      |3780      |3800      |3180      |3490      |3830      |3830      |
|0         |29        |6         |18        |21        |17        |33        |23        |25        |18        |
|69        |1         |61        |4         |0         |5         |0         |0         |0         |0         |
____
|3710      |0         |580       |3860      |3170      |3480      |190       |3880      |3480      |3800      |
|19        |6         |2         |23        |23        |16        |17        |20        |22        |18        |
|2         |25        |57        |0         |0         |0         |39        |1         |2         |0         |
____
|2340      |0         |3300      |3890      |3880      |3630      |20        |2030      |3090      |420       |
|34        |1         |20        |16        |10        |28        |1         |21        |21        |0         |
|1         |24        |1         |0         |0         |0         |28        |1         |0         |28        |
____
|3820      |290       |3870      |3480      |3230      |3900      |760       |40        |2020      |3160      |
|22        |21        |16        |29        |33        |11        |35        |8         |0         |28        |
|0         |0         |0         |0         |0         |0         |0         |16        |30        |0         |
____
|680       |3740      |2830      |3720      |3900      |3850      |3830      |2950      |2860      |130       |
|3         |13        |33        |16        |19        |16        |30        |45        |36        |1         |
|6         |0         |1         |0         |2         |0         |0         |0         |0         |19        |
____
|3570      |3560      |3430      |490       |3790      |1630      |3480      |3240      |30        |3770      |
|26        |35        |20        |11        |12        |40        |24        |28        |5         |25        |
|0         |5         |0         |49        |0         |0         |0         |0         |22        |0         |
____
|2420      |3140      |0         |3810      |3860      |470       |1280      |1590      |3390      |3640      |
|36        |21        |3         |12        |21        |1         |3         |19        |28        |15        |
|0         |0         |0         |0         |0         |9         |16        |0         |0         |0         |
____
[Move no. 13]

|2690      |3110      |2590      |0         |4060      |1720      |140       |140       |3410      |4080      |
|39        |30        |40        |3         |19        |7         |1         |0         |28        |19        |
|0         |3         |0         |0         |1         |46        |9         |22        |0         |1         |
____
|1800      |3990      |4030      |990       |1950      |3770      |30        |3920      |750       |3940      |
|0         |22        |15        |8         |22        |25        |11        |31        |4         |10        |
|58        |0         |6         |51        |0         |0         |22        |0         |32        |0         |
____
|3410      |0         |4100      |3350      |4020      |2500      |3700      |4060      |3160      |1550      |
|41        |1         |27        |7         |27        |26        |20        |32        |32        |19        |
|0         |38        |0         |38        |1         |0         |0         |0         |0         |9         |
____
|0         |1990      |300       |4010      |3980      |4000      |3380      |3690      |4030      |4030      |
|1         |34        |2         |15        |21        |22        |33        |23        |22        |16        |
|9         |3         |19        |5         |1         |0         |0         |2         |0         |0         |
____
|3910      |0         |260       |4060      |3370      |3680      |0         |4080      |3680      |4000      |
|18        |4         |3         |23        |22        |13        |10        |19        |23        |17        |
|1         |28        |48        |0         |0         |1         |16        |1         |2         |0         |
____
|2540      |0         |3490      |4090      |4080      |3830      |0         |2230      |3290      |360       |
|42        |2         |16        |16        |8         |32        |0         |16        |25        |0         |
|0         |30        |0         |0         |0         |0         |28        |0         |1         |40        |
____
|4020      |460       |4070      |3680      |3430      |4100      |960       |80        |1870      |3360      |
|19        |28        |18        |32        |29        |12        |36        |7         |4         |25        |
|0         |0         |0         |0         |0         |1         |0         |12        |40        |0         |
____
|820       |3940      |3030      |3920      |4100      |4050      |4030      |3150      |3060      |180       |
|4         |14        |34        |19        |16        |14        |28        |39        |33        |0         |
|9         |0         |2         |0         |3         |0         |0         |0         |0         |28        |
____
|3770      |3760      |3630      |260       |3990      |1830      |3680      |3440      |0         |3970      |
|31        |37        |20        |2         |13        |37        |25        |28        |3         |26        |
|0         |0         |0         |0         |0         |0         |0         |0         |18        |0         |
____
|2620      |3340      |200       |4010      |4060      |580       |1320      |1790      |3590      |3840      |
|37        |18        |4         |12        |18        |0         |6         |16        |31        |18        |
|0         |0         |0         |0         |0         |13        |18        |0         |0         |0         |
____
[Move no. 14]

|2890      |3310      |2790      |200       |4260      |1470      |250       |150       |3610      |4280      |
|38        |27        |40        |5         |20        |9         |1         |0         |29        |21        |
|0         |5         |3         |0         |2         |43        |13        |31        |0         |2         |
____
|1500      |4190      |4230      |720       |2150      |3970      |20        |4120      |640       |4140      |
|0         |21        |13        |7         |25        |25        |12        |29        |1         |10        |
|26        |0         |3         |33        |1         |0         |19        |0         |25        |0         |
____
|3610      |0         |4300      |3220      |4220      |2700      |3900      |4260      |3360      |1660      |
|47        |1         |31        |9         |35        |29        |16        |31        |36        |25        |
|1         |24        |0         |38        |0         |0         |0         |0         |0         |0         |
____
|100       |2190      |200       |4210      |4180      |4200      |3580      |3890      |4230      |4230      |
|0         |30        |1         |15        |18        |22        |40        |26        |28        |16        |
|14        |0         |31        |5         |0         |0         |0         |0         |0         |1         |
____
|4110      |0         |0         |4260      |3570      |3880      |30        |4280      |3880      |4200      |
|16        |5         |6         |24        |23        |16        |11        |15        |18        |17        |
|3         |20        |50        |0         |0         |1         |6         |0         |4         |0         |
____
|2740      |0         |3690      |4290      |4280      |4030      |0         |2430      |3490      |210       |
|36        |1         |25        |18        |7         |27        |0         |20        |31        |2         |
|0         |28        |0         |0         |0         |0         |23        |2         |0         |53        |
____
|4220      |650       |4270      |3880      |3630      |4300      |1160      |100       |1640      |3560      |
|21        |33        |18        |31        |31        |12        |35        |12        |4         |25        |
|0         |0         |0         |0         |0         |0         |0         |7         |51        |0         |
____
|930       |4140      |3230      |4120      |4300      |4250      |4230      |3350      |3260      |160       |
|5         |13        |38        |15        |17        |14        |28        |40        |30        |0         |
|12        |0         |0         |0         |0         |0         |0         |0         |0         |41        |
____
|3970      |3960      |3830      |410       |4190      |2030      |3880      |3640      |10        |4170      |
|27        |34        |19        |3         |15        |36        |28        |34        |5         |26        |
|0         |0         |0         |0         |0         |0         |0         |1         |24        |0         |
____
|2820      |3540      |400       |4210      |4260      |650       |1360      |1990      |3790      |4040      |
|33        |19        |4         |12        |18        |0         |9         |15        |28        |16        |
|0         |0         |0         |0         |0         |19        |18        |0         |0         |0         |
____
[Move no. 15]

|3090      |3510      |2990      |400       |4460      |1250      |310       |50        |3810      |4480      |
|37        |30        |39        |3         |21        |12        |2         |0         |28        |19        |
|0         |0         |1         |0         |0         |45        |16        |39        |0         |1         |
____
|1390      |4390      |4430      |540       |2350      |4170      |40        |4320      |590       |4340      |
|0         |23        |13        |7         |25        |25        |14        |27        |4         |12        |
|40        |0         |1         |37        |1         |0         |15        |0         |19        |0         |
____
|3810      |20        |4500      |3040      |4420      |2900      |4100      |4460      |3560      |1840      |
|39        |1         |33        |7         |32        |37        |16        |35        |34        |32        |
|0         |32        |0         |37        |0         |0         |0         |0         |0         |0         |
____
|150       |2390      |70        |4410      |4380      |4400      |3780      |4090      |4430      |4430      |
|1         |31        |4         |14        |20        |25        |37        |24        |32        |17        |
|21        |4         |43        |2         |0         |2         |0         |0         |0         |0         |
____
|4310      |30        |0         |4460      |3770      |4080      |190       |4480      |4080      |4400      |
|18        |3         |3         |23        |21        |16        |17        |16        |24        |17        |
|1         |24        |31        |0         |0         |0         |0         |2         |2         |0         |
____
|2940      |0         |3890      |4490      |4480      |4230      |30        |2630      |3690      |0         |
|43        |3         |21        |22        |4         |27        |1         |19        |31        |0         |
|0         |37        |0         |0         |0         |0         |30        |1         |0         |46        |
____
|4420      |850       |4470      |4080      |3830      |4500      |1360      |180       |1310      |3760      |
|19        |31        |19        |38        |27        |12        |34        |13        |6         |24        |
|0         |1         |0         |0         |0         |0         |0         |0         |49        |0         |
____
|1020      |4340      |3430      |4320      |4500      |4450      |4430      |3550      |3460      |0         |
|7         |13        |37        |17        |18        |14        |30        |41        |35        |0         |
|12        |0         |0         |0         |0         |0         |0         |0         |0         |58        |
____
|4170      |4160      |4030      |610       |4390      |2230      |4080      |3840      |0         |4370      |
|30        |36        |18        |3         |12        |31        |30        |31        |6         |25        |
|0         |0         |0         |0         |0         |0         |0         |1         |19        |0         |
____
|3020      |3740      |600       |4410      |4460      |660       |1380      |2190      |3990      |4240      |
|33        |19        |3         |10        |21        |0         |12        |18        |31        |19        |
|0         |0         |0         |0         |0         |28        |13        |0         |0         |0         |
____
[Move no. 16]

|3290      |3710      |3190      |600       |4660      |1010      |350       |0         |4010      |4680      |
|34        |30        |40        |5         |20        |7         |1         |2         |27        |21        |
|0         |0         |1         |0         |7         |30        |22        |34        |0         |0         |
____
|1220      |4590      |4630      |420       |2550      |4370      |50        |4520      |610       |4540      |
|0         |20        |12        |9         |31        |27        |16        |24        |7         |12        |
|55        |0         |5         |37        |1         |0         |12        |0         |9         |0         |
____
|4010      |0         |4700      |2880      |4620      |3100      |4300      |4660      |3760      |2020      |
|45        |2         |34        |10        |28        |38        |21        |39        |31        |36        |
|0         |26        |0         |36        |0         |0         |0         |0         |0         |0         |
____
|120       |2590      |0         |4610      |4580      |4600      |3980      |4290      |4630      |4630      |
|0         |33        |4         |21        |21        |24        |37        |24        |37        |17        |
|34        |4         |36        |0         |0         |0         |0         |0         |0         |0         |
____
|4510      |20        |0         |4660      |3970      |4280      |370       |4680      |4280      |4600      |
|16        |9         |3         |16        |24        |13        |21        |18        |19        |19        |
|3         |31        |23        |0         |0         |3         |0         |0         |2         |0         |
____
|3140      |0         |4090      |4690      |4680      |4430      |0         |2830      |3890      |0         |
|45        |2         |26        |23        |8         |32        |2         |18        |32        |1         |
|0         |32        |0         |0         |0         |0         |24        |2         |0         |41        |
____
|4620      |1050      |4670      |4280      |4030      |4700      |1560      |350       |930       |3960      |
|21        |27        |21        |35        |25        |12        |38        |19        |7         |27        |
|0         |0         |0         |0         |0         |0         |0         |0         |47        |0         |
____
|1090      |4540      |3630      |4520      |4700      |4650      |4630      |3750      |3660      |0         |
|6         |15        |30        |12        |16        |14        |28        |43        |28        |0         |
|10        |0         |0         |0         |0         |0         |0         |1         |0         |21        |
____
|4370      |4360      |4230      |810       |4590      |2430      |4280      |4040      |60        |4570      |
|31        |48        |17        |4         |15        |35        |28        |34        |8         |28        |
|0         |0         |0         |0         |1         |0         |1         |0         |22        |0         |
____
|3220      |3940      |800       |4610      |4660      |600       |1440      |2390      |4190      |4440      |
|33        |18        |4         |12        |19        |3         |16        |16        |28        |18        |
|0         |0         |0         |0         |0         |37        |1         |0         |0         |0         |
____
[Move no. 17]

|3490      |3910      |3390      |800       |4860      |880       |330       |0         |4210      |4880      |
|31        |31        |35        |4         |24        |9         |0         |2         |29        |21        |
|0         |3         |1         |1         |2         |27        |31        |30        |0         |1         |
____
|890       |4790      |4830      |190       |2750      |4570      |180       |4720      |720       |4740      |
|0         |21        |15        |12        |28        |26        |25        |28        |8         |14        |
|37        |0         |2         |33        |1         |0         |0         |0         |0         |0         |
____
|4210      |0         |4900      |2660      |4820      |3300      |4500      |4860      |3960      |2220      |
|40        |1         |35        |14        |30        |42        |16        |36        |34        |40        |
|0         |38        |1         |37        |0         |0         |0         |0         |0         |0         |
____
|20        |2790      |0         |4810      |4780      |4800      |4180      |4490      |4830      |4830      |
|0         |34        |3         |26        |26        |26        |37        |27        |34        |18        |
|50        |0         |29        |0         |0         |0         |0         |0         |0         |0         |
____
|4710      |0         |0         |4860      |4170      |4480      |570       |4880      |4480      |4800      |
|15        |5         |4         |20        |27        |14        |25        |16        |21        |16        |
|2         |27        |25        |0         |0         |1         |0         |0         |1         |0         |
____
|3340      |0         |4290      |4890      |4880      |4630      |0         |3030      |4090      |0         |
|44        |2         |27        |21        |7         |33        |3         |18        |37        |1         |
|0         |27        |0         |0         |0         |0         |27        |2         |0         |36        |
____
|4820      |1250      |4870      |4480      |4230      |4900      |1760      |530       |620       |4160      |
|24        |30        |22        |33        |26        |12        |37        |22        |3         |23        |
|0         |0         |0         |0         |0         |0         |0         |0         |39        |0         |
____
|1180      |4740      |3830      |4720      |4900      |4850      |4830      |3950      |3860      |0         |
|12        |15        |31        |10        |20        |16        |29        |35        |31        |0         |
|4         |0         |0         |0         |0         |0         |0         |0         |0         |32        |
____
|4570      |4560      |4430      |1010      |4790      |2630      |4480      |4240      |50        |4770      |
|28        |41        |16        |3         |10        |33        |33        |34        |10        |22        |
|0         |0         |0         |0         |2         |0         |2         |0         |19        |0         |
____
|3420      |4140      |1000      |4810      |4860      |440       |1630      |2590      |4390      |4640      |
|31        |16        |3         |12        |22        |7         |21        |19        |28        |16        |
|0         |0         |0         |0         |0         |46        |0         |0         |0         |0         |
____
[Move no. 18]

|3690      |4110      |3590      |1000      |5060      |800       |220       |0         |4410      |5080      |
|29        |30        |34        |5         |23        |12        |1         |2         |22        |20        |
|0         |1         |1         |0         |1         |18        |42        |24        |0         |0         |
____
|660       |4990      |5030      |50        |2950      |4770      |360       |4920      |910       |4940      |
|0         |28        |17        |20        |36        |25        |29        |22        |13        |13        |
|53        |0         |3         |24        |1         |0         |0         |0         |0         |0         |
____
|4410      |0         |5100      |2480      |5020      |3500      |4700      |5060      |4160      |2420      |
|42        |1         |34        |15        |33        |43        |17        |39        |38        |41        |
|0         |35        |0         |28        |0         |0         |0         |0         |0         |0         |
____
|0         |2990      |0         |5010      |4980      |5000      |4380      |4690      |5030      |5030      |
|1         |33        |4         |24        |28        |26        |31        |31        |31        |18        |
|44        |1         |34        |1         |0         |0         |0         |0         |0         |0         |
____
|4910      |0         |0         |5060      |4370      |4680      |770       |5080      |4680      |5000      |
|18        |5         |4         |19        |25        |13        |22        |18        |18        |17        |
|1         |21        |15        |1         |0         |0         |0         |0         |3         |0         |
____
|3540      |0         |4490      |5090      |5080      |4830      |0         |3230      |4290      |0         |
|46        |2         |30        |19        |6         |28        |3         |23        |39        |0         |
|0         |34        |0         |0         |0         |0         |22        |3         |0         |35        |
____
|5020      |1450      |5070      |4680      |4430      |5100      |1960      |720       |440       |4360      |
|21        |37        |24        |33        |24        |12        |42        |23        |4         |20        |
|0         |0         |0         |0         |0         |0         |0         |0         |43        |0         |
____
|1340      |4940      |4030      |4920      |5100      |5050      |5030      |4150      |4060      |0         |
|18        |11        |35        |12        |16        |13        |30        |36        |31        |0         |
|0         |0         |0         |0         |0         |0         |0         |0         |0         |31        |
____
|4770      |4760      |4630      |1210      |4990      |2830      |4680      |4440      |50        |4970      |
|31        |42        |17        |5         |17        |33        |28        |35        |9         |24        |
|0         |0         |0         |0         |4         |0         |0         |0         |18        |0         |
____
|3620      |4340      |1200      |5010      |5060      |180       |1830      |2790      |4590      |4840      |
|31        |15        |3         |7         |18        |4         |30        |19        |28        |19        |
|0         |0         |0         |0         |0         |58        |0         |0         |0         |0         |
____
[Move no. 19]

|3890      |4310      |3790      |1200      |5260      |830       |10        |0         |4610      |5280      |
|33        |31        |42        |5         |24        |16        |1         |2         |25        |16        |
|0         |1         |1         |0         |1         |2         |60        |22        |0         |0         |
____
|300       |5190      |5230      |0         |3150      |4970      |560       |5120      |1100      |5140      |
|0         |30        |19        |19        |34        |28        |34        |23        |13        |14        |
|64        |0         |4         |7         |0         |0         |0         |0         |0         |0         |
____
|4610      |0         |5300      |2390      |5220      |3700      |4900      |5260      |4360      |2620      |
|42        |1         |40        |20        |31        |40        |21        |33        |31        |40        |
|0         |47        |0         |5         |0         |0         |0         |0         |0         |0         |
____
|0         |3190      |0         |5210      |5180      |5200      |4580      |4890      |5230      |5230      |
|0         |33        |5         |29        |30        |29        |31        |32        |31        |19        |
|35        |1         |23        |1         |0         |0         |0         |0         |0         |0         |
____
|5110      |40        |20        |5260      |4570      |4880      |970       |5280      |4880      |5200      |
|18        |7         |9         |18        |28        |16        |21        |19        |17        |20        |
|0         |27        |12        |0         |0         |1         |0         |0         |1         |0         |
____
|3740      |0         |4690      |5290      |5280      |5030      |0         |3430      |4490      |0         |
|40        |3         |25        |22        |8         |36        |3         |28        |36        |0         |
|0         |30        |0         |0         |0         |0         |18        |2         |0         |33        |
____
|5220      |1650      |5270      |4880      |4630      |5300      |2160      |900       |130       |4560      |
|24        |31        |24        |37        |24        |12        |31        |26        |7         |22        |
|0         |0         |0         |0         |0         |0         |0         |0         |48        |0         |
____
|1540      |5140      |4230      |5120      |5300      |5250      |5230      |4350      |4260      |0         |
|26        |11        |33        |14        |14        |15        |35        |40        |29        |0         |
|0         |0         |0         |0         |0         |0         |0         |1         |0         |30        |
____
|4970      |4960      |4830      |1410      |5190      |3030      |4880      |4640      |70        |5170      |
|27        |44        |13        |3         |18        |34        |32        |40        |11        |20        |
|0         |0         |0         |0         |3         |0         |4         |0         |9         |0         |
____
|3820      |4540      |1400      |5210      |5260      |0         |2030      |2990      |4790      |5040      |
|27        |13        |3         |6         |16        |1         |24        |21        |24        |18        |
|0         |0         |0         |0         |0         |4         |0         |0         |0         |0         |
____
[Move no. 20]

|4090      |4510      |3990      |1400      |5460      |1010      |0         |0         |4810      |5480      |
|29        |27        |37        |7         |24        |25        |2         |2         |25        |16        |
|0         |3         |0         |1         |0         |0         |8         |18        |0         |1         |
____
|0         |5390      |5430      |120       |3350      |5170      |760       |5320      |1290      |5340      |
|0         |37        |22        |24        |33        |32        |35        |25        |14        |14        |
|5         |0         |3         |0         |0         |0         |0         |0         |0         |0         |
____
|4810      |0         |5500      |2510      |5420      |3900      |5100      |5460      |4560      |2820      |
|42        |1         |47        |25        |32        |41        |24        |37        |33        |39        |
|0         |42        |0         |1         |0         |0         |0         |0         |0         |0         |
____
|0         |3390      |30        |5410      |5380      |5400      |4780      |5090      |5430      |5430      |
|0         |33        |6         |28        |33        |24        |27        |32        |34        |16        |
|32        |0         |29        |0         |0         |0         |0         |0         |0         |0         |
____
|5310      |50        |10        |5460      |4770      |5080      |1170      |5480      |5080      |5400      |
|18        |8         |9         |18        |28        |15        |25        |17        |19        |19        |
|0         |31        |8         |0         |0         |0         |0         |1         |4         |0         |
____
|3940      |0         |4890      |5490      |5480      |5230      |50        |3630      |4690      |10        |
|44        |2         |26        |22        |8         |28        |2         |26        |29        |1         |
|0         |26        |0         |0         |0         |0         |21        |2         |0         |45        |
____
|5420      |1850      |5470      |5080      |4830      |5500      |2360      |1080      |0         |4760      |
|24        |30        |16        |38        |22        |13        |36        |29        |4         |23        |
|0         |0         |0         |0         |0         |0         |0         |0         |32        |0         |
____
|1740      |5340      |4430      |5320      |5500      |5450      |5430      |4550      |4460      |0         |
|30        |10        |32        |14        |17        |16        |35        |37        |28        |0         |
|0         |0         |0         |0         |0         |0         |0         |2         |0         |29        |
____
|5170      |5160      |5030      |1610      |5390      |3230      |5080      |4840      |150       |5370      |
|30        |45        |16        |4         |16        |33        |28        |37        |15        |20        |
|0         |0         |0         |0         |0         |0         |0         |0         |0         |0         |
____
|4020      |4740      |1600      |5410      |5460      |160       |2230      |3190      |4990      |5240      |
|25        |13        |4         |7         |18        |3         |25        |21        |24        |22        |
|0         |0         |0         |0         |0         |1         |0         |0         |0         |0         |
____
